[Variables]
ercf_calib_0 = 1.0
ercf_calib_1 = 1.00315859598
ercf_calib_10 = 1.0
ercf_calib_11 = 1.0
ercf_calib_2 = 1.00406479164
ercf_calib_3 = 1.00044979689
ercf_calib_4 = 1.00135110302
ercf_calib_5 = 1.00225403458
ercf_calib_6 = 1.0
ercf_calib_7 = 1.0
ercf_calib_8 = 1.0
ercf_calib_9 = 1.0
ercf_calib_ref = 977.058272

